1,1,0.24,10.77,17.16,35.5,1,1,1.0
1,2,50.99,60.23,128.38,61.470000000000006,1,1,1.0
1,3,97.4,0.0,217.79999999999998,63.2,1,1,1.0
1,4,313.86,1.73,399.59000000000003,114.58999999999999,1,1,1.0
2,1,0.24,10.77,9.86,35.5,1,1,1.0
2,2,29.78,56.58,128.37,61.46000000000001,1,1,1.0
2,3,97.4,0.0,217.79999999999998,63.2,1,1,1.0
2,4,313.86,1.73,399.59000000000003,114.58999999999999,1,1,1.0
3,2,19.85,54.14,119.77000000000001,61.459999999999994,1,1,1.0
3,3,97.4,0.0,217.79999999999998,63.2,1,1,1.0
3,4,313.86,1.73,399.59000000000003,114.58999999999999,1,1,1.0
4,2,9.93,51.7,111.16,61.47,1,1,1.0
4,3,97.4,0.0,217.79999999999998,63.2,1,1,1.0
4,4,313.86,1.73,399.59000000000003,114.58999999999999,1,1,1.0
5,2,0.0,49.26,102.55,61.470000000000006,1,1,1.0
5,3,97.4,0.0,217.79999999999998,63.2,1,1,1.0
5,4,313.86,1.73,399.59000000000003,114.58999999999999,1,1,1.0
6,2,0.0,46.09,83.04,61.47,1,1,1.0
6,3,97.4,0.0,217.79999999999998,63.2,1,1,1.0
6,4,313.86,1.73,399.59000000000003,114.58999999999999,1,1,1.0
7,2,0.0,42.92,63.53,61.47,1,1,1.0
7,3,97.4,0.0,217.79999999999998,63.2,1,1,1.0
7,4,313.86,1.73,399.59000000000003,114.58999999999999,1,1,1.0
8,2,0.0,39.75,44.03,61.47,1,1,1.0
8,3,97.4,0.0,217.79999999999998,63.2,1,1,1.0
8,4,313.86,1.73,399.59000000000003,114.58999999999999,1,1,1.0
9,2,0.0,36.82,28.3,61.470000000000006,1,1,1.0
9,3,97.4,0.0,217.79999999999998,63.2,1,1,1.0
9,4,313.86,1.73,399.59000000000003,114.58999999999999,1,1,1.0
10,2,0.0,33.9,12.57,61.46,1,1,1.0
10,3,97.4,0.0,217.79999999999998,63.2,1,1,1.0
10,4,313.86,1.73,399.59000000000003,114.58999999999999,1,1,1.0
10,5,914.28,183.68,45.72000000000003,91.75,1,1,1.0
11,3,97.4,0.0,217.79999999999998,63.2,1,1,1.0
11,4,313.86,1.73,399.59000000000003,114.58999999999999,1,1,1.0
11,5,869.96,175.19,90.03999999999996,97.79000000000002,1,1,1.0
12,3,97.4,0.0,217.79999999999998,63.2,1,1,1.0
12,4,313.86,1.73,399.59000000000003,114.58999999999999,1,1,1.0
12,5,825.65,166.69,134.35000000000002,103.85000000000002,1,1,1.0
13,3,97.4,0.0,217.79999999999998,63.2,1,1,1.0
13,4,313.86,1.73,399.59000000000003,114.58999999999999,1,1,1.0
13,5,781.33,158.19,178.66999999999996,109.89999999999998,1,1,1.0
14,3,97.4,0.0,217.79999999999998,63.2,1,1,1.0
14,4,313.86,1.73,399.59000000000003,114.58999999999999,1,1,1.0
14,5,737.02,149.7,222.98000000000002,115.94999999999999,1,1,1.0
14,6,0.0,165.56,23.35,79.43,1,1,1.0
15,3,97.4,0.0,217.79999999999998,63.2,1,1,1.0
15,4,313.86,1.73,399.59000000000003,114.58999999999999,1,1,1.0
15,5,692.7,141.2,267.29999999999995,122.0,1,1,1.0
15,6,0.0,165.56,41.81,88.66,1,1,1.0
16,3,97.4,0.0,217.79999999999998,63.2,1,1,1.0
16,4,313.86,1.73,399.59000000000003,114.58999999999999,1,1,1.0
16,5,658.34,135.13,261.54999999999995,117.68,1,1,1.0
16,6,0.0,165.56,60.28,97.88999999999999,1,1,1.0
17,3,97.4,0.0,217.79999999999998,63.2,1,1,1.0
17,4,313.86,1.73,399.59000000000003,114.58999999999999,1,1,1.0
17,5,623.98,129.06,255.78999999999996,113.37,1,1,1.0
17,6,0.0,165.56,78.74,107.11000000000001,1,1,1.0
18,3,97.4,0.0,217.79999999999998,63.2,1,1,1.0
18,4,313.86,1.73,399.59000000000003,114.58999999999999,1,1,1.0
18,5,589.63,122.98,250.02999999999997,109.05999999999999,1,1,1.0
18,6,0.0,165.56,97.2,116.33999999999997,1,1,1.0
19,3,97.4,0.0,217.79999999999998,63.2,1,1,1.0
19,4,313.86,1.73,399.59000000000003,114.58999999999999,1,1,1.0
19,5,555.27,116.91,244.26999999999998,104.75,1,1,1.0
19,6,0.1,173.39,123.74000000000001,124.38999999999999,1,1,1.0
20,3,97.4,0.0,217.79999999999998,63.2,1,1,1.0
20,4,313.86,1.73,399.59000000000003,114.58999999999999,1,1,1.0
20,5,520.91,110.84,238.51999999999998,100.43,1,1,1.0
20,6,0.2,181.21,150.28,132.45000000000002,1,1,1.0
21,3,97.4,0.0,217.79999999999998,63.2,1,1,1.0
21,4,313.86,1.73,399.59000000000003,114.58999999999999,1,1,1.0
21,5,486.56,104.77,232.74999999999994,96.11999999999999,1,1,1.0
21,6,0.3,189.04,176.82,140.50000000000003,1,1,1.0
22,3,97.4,0.0,217.79999999999998,63.2,1,1,1.0
22,4,313.86,1.73,399.59000000000003,114.58999999999999,1,1,0.0
22,5,452.2,98.7,227.00000000000006,91.8,1,1,1.0
22,6,0.4,196.87,203.35999999999999,148.55,1,1,1.0
23,3,97.4,0.0,217.79999999999998,63.2,1,1,1.0
23,4,313.86,1.73,399.59000000000003,114.58999999999999,1,1,0.0
23,5,428.87,95.75,218.78999999999996,88.85,1,1,1.0
23,6,14.54,204.7,215.86,156.60000000000002,1,1,1.0
24,3,97.4,0.0,217.79999999999998,63.2,1,1,1.0
24,4,313.86,1.73,399.59000000000003,114.58999999999999,1,1,0.0
24,5,405.54,92.81,210.57,85.88999999999999,1,1,1.0
24,6,37.12,215.88,230.74,162.95,1,1,1.0
25,3,97.4,0.0,217.79999999999998,63.2,1,1,1.0
25,4,313.86,1.73,399.59000000000003,114.58999999999999,1,1,0.0
25,5,382.21,89.86,202.36000000000007,82.94000000000001,1,1,1.0
25,6,59.7,227.05,245.62,169.32,1,1,1.0
26,3,97.4,0.0,217.79999999999998,63.2,1,1,1.0
26,4,313.86,1.73,399.59000000000003,114.58999999999999,1,1,0.0
26,5,358.89,86.92,194.14,79.98,1,1,1.0
26,6,82.28,238.23,260.5,175.67,1,1,1.0
27,3,97.4,0.0,217.79999999999998,63.2,1,1,1.0
27,4,313.86,1.73,399.59000000000003,114.58999999999999,1,1,0.0
27,5,335.56,83.97,185.93,77.03,1,1,1.0
27,6,112.29,250.15,280.65999999999997,189.48,1,1,1.0
28,3,97.4,0.0,217.79999999999998,63.2,1,1,1.0
28,4,313.86,1.73,399.59000000000003,114.58999999999999,1,1,0.0
28,5,312.23,81.03,177.70999999999998,74.07,1,1,1.0
28,6,142.29,262.08,300.84000000000003,203.29000000000002,1,1,1.0
29,3,97.4,0.0,217.79999999999998,63.2,1,1,1.0
29,4,313.86,1.73,399.59000000000003,114.58999999999999,1,1,0.0
29,5,288.9,78.08,169.5,71.11999999999999,1,1,1.0
29,6,172.3,274.0,321.0,217.10000000000002,1,1,1.0
29,7,912.12,163.48,47.879999999999995,95.72999999999999,1,1,1.0
30,3,97.4,0.0,217.79999999999998,63.2,1,1,1.0
30,4,313.86,1.73,399.59000000000003,114.58999999999999,1,1,0.0
30,5,271.28,75.14,162.59000000000003,68.16000000000001,1,1,1.0
30,6,214.17,291.9,350.46000000000004,223.35000000000002,1,1,1.0
30,7,859.9,161.5,100.10000000000002,97.70999999999998,1,1,1.0
31,3,97.4,0.0,217.79999999999998,63.2,1,1,1.0
31,4,313.86,1.73,399.59000000000003,114.58999999999999,1,1,0.0
31,5,253.65,72.19,155.70000000000002,65.21000000000001,1,1,1.0
31,6,256.03,309.8,379.9200000000001,229.59999999999997,1,1,1.0
31,7,815.76,148.6,144.24,106.41,1,1,1.0
32,3,97.4,0.0,217.79999999999998,63.2,1,1,1.0
32,4,313.86,1.73,399.59000000000003,114.58999999999999,1,1,0.0
32,5,236.03,69.25,148.79,62.25,1,1,1.0
32,6,297.9,327.7,409.38,212.3,1,1,1.0
32,7,771.61,135.7,188.39,115.10000000000002,1,1,1.0
33,3,97.4,0.0,217.79999999999998,63.2,1,1,1.0
33,4,313.86,1.73,399.59000000000003,114.58999999999999,1,1,0.0
33,5,218.4,66.3,141.9,59.3,1,1,1.0
33,6,350.19,345.6,428.41,194.39999999999998,1,1,1.0
33,7,727.47,122.8,232.52999999999997,123.8,1,1,1.0
34,3,97.4,0.0,217.79999999999998,63.2,1,1,1.0
34,4,313.86,1.73,399.59000000000003,114.58999999999999,1,1,0.0
34,5,202.88,63.2,139.25,59.019999999999996,1,1,1.0
34,6,410.24,369.1,428.4,170.89999999999998,1,1,1.0
34,7,684.0,112.16,255.70000000000005,123.80000000000001,1,1,1.0
35,3,97.4,0.0,217.79999999999998,63.2,1,1,0.0
35,4,313.86,1.73,399.59000000000003,114.58999999999999,1,1,0.0
35,5,187.37,60.1,136.57999999999998,58.74,1,1,1.0
35,6,470.28,392.6,428.4100000000001,147.39999999999998,1,1,1.0
35,7,649.92,107.93,248.57000000000005,118.12,1,1,1.0
36,3,97.4,0.0,217.79999999999998,63.2,1,1,0.0
36,4,313.86,1.73,399.59000000000003,114.58999999999999,1,1,1.0
36,5,171.85,57.01,133.92999999999998,58.449999999999996,1,1,1.0
36,6,530.33,416.1,428.4,123.89999999999998,1,1,1.0
36,7,615.84,103.7,241.42999999999995,112.45,1,1,1.0
37,3,97.4,0.0,217.79999999999998,63.2,1,1,0.0
37,4,313.86,1.73,399.59000000000003,114.58999999999999,1,1,1.0
37,5,156.34,53.91,131.27,58.17,1,1,1.0
37,6,628.0,447.0,330.73,93.0,1,1,1.0
37,7,581.76,99.46,234.29999999999995,106.78000000000002,1,1,1.0
38,3,97.4,0.0,217.79999999999998,63.2,1,1,0.0
38,4,313.86,1.73,399.59000000000003,114.58999999999999,1,1,0.0
38,5,142.33,50.81,128.60999999999999,57.89,1,1,1.0
38,6,715.0,479.9,243.73000000000002,60.10000000000002,1,1,1.0
38,7,547.68,95.23,227.17000000000007,101.10000000000001,1,1,1.0
39,3,97.4,0.0,217.79999999999998,63.2,1,1,0.0
39,4,313.86,1.73,399.59000000000003,114.58999999999999,1,1,0.0
39,5,128.33,47.71,125.94999999999999,57.62,1,1,1.0
39,6,844.5,514.7,114.23000000000002,25.299999999999955,1,1,1.0
39,7,513.6,91.0,220.03999999999996,95.41999999999999,1,1,1.0
40,3,97.4,0.0,217.79999999999998,63.2,1,1,0.0
40,4,313.86,1.73,399.59000000000003,114.58999999999999,1,1,0.0
40,5,114.32,44.62,123.30000000000001,57.330000000000005,1,1,1.0
40,7,483.55,86.77,208.87999999999994,89.75000000000001,1,1,1.0
41,3,97.4,0.0,217.79999999999998,63.2,1,1,0.0
41,4,313.86,1.73,399.59000000000003,114.58999999999999,1,1,0.0
41,5,100.31,41.52,120.65,57.04999999999999,1,1,1.0
41,7,453.5,82.53,197.71000000000004,84.08000000000001,1,1,1.0
42,3,97.4,0.0,217.79999999999998,63.2,1,1,0.0
42,4,313.86,1.73,399.59000000000003,114.58999999999999,1,1,0.0
42,5,86.31,38.42,117.97999999999999,56.769999999999996,1,1,1.0
42,7,423.9,78.3,186.10000000000002,78.39999999999999,1,1,1.0
43,3,97.4,0.0,217.79999999999998,63.2,1,1,0.0
43,4,313.86,1.73,399.59000000000003,114.58999999999999,1,1,0.0
43,5,75.61,36.17,115.33,56.489999999999995,1,1,1.0
43,7,400.5,73.27,178.94000000000005,78.21,1,1,1.0
44,3,97.4,0.0,217.79999999999998,63.2,1,1,0.0
44,4,313.86,1.73,399.59000000000003,114.58999999999999,1,1,0.0
44,5,64.91,33.93,112.67000000000002,56.199999999999996,1,1,1.0
44,7,377.1,68.24,171.77999999999997,78.02,1,1,1.0
45,3,97.4,0.0,217.79999999999998,63.2,1,1,0.0
45,4,313.86,1.73,399.59000000000003,114.58999999999999,1,1,0.0
45,5,54.21,31.68,110.01999999999998,55.93,1,1,1.0
45,7,353.7,63.22,164.62000000000006,77.82,1,1,1.0
46,3,97.4,0.0,217.79999999999998,63.2,1,1,0.0
46,4,313.86,1.73,399.59000000000003,114.58999999999999,1,1,0.0
46,5,43.51,29.44,107.36000000000001,55.64,1,1,1.0
46,7,330.3,58.19,157.45999999999998,77.63,1,1,1.0
47,3,97.4,0.0,217.79999999999998,63.2,1,1,0.0
47,4,313.86,1.73,399.59000000000003,114.58999999999999,1,1,0.0
47,5,32.81,27.19,104.69999999999999,55.36,1,1,1.0
47,7,306.9,53.16,150.3,77.44,1,1,1.0
48,3,97.4,0.0,217.79999999999998,63.2,1,1,0.0
48,4,313.86,1.73,399.59000000000003,114.58999999999999,1,1,0.0
48,5,22.12,24.94,102.03999999999999,55.09,1,1,1.0
48,7,287.73,50.53,147.77999999999997,76.34,1,1,1.0
49,3,97.4,0.0,217.79999999999998,63.2,1,1,0.0
49,4,313.86,1.73,399.59000000000003,114.58999999999999,1,1,0.0
49,5,11.42,22.7,99.38,54.8,1,1,1.0
49,7,268.55,47.91,145.27999999999997,75.23,1,1,1.0
50,3,97.4,0.0,217.79999999999998,63.2,1,1,0.0
50,4,313.86,1.73,399.59000000000003,114.58999999999999,1,1,0.0
50,5,8.56,21.71,92.45,54.669999999999995,1,1,1.0
50,7,249.38,45.28,142.76,74.13,1,1,1.0
51,3,97.4,0.0,217.79999999999998,63.2,1,1,0.0
51,4,313.86,1.73,399.59000000000003,114.58999999999999,1,1,0.0
51,5,5.71,20.72,85.51,54.540000000000006,1,1,1.0
51,7,230.2,42.66,140.26,73.03,1,1,1.0
52,3,97.4,0.0,217.79999999999998,63.2,1,1,0.0
52,4,313.86,1.73,399.59000000000003,114.58999999999999,1,1,0.0
52,5,2.85,19.74,78.58000000000001,54.400000000000006,1,1,1.0
52,7,213.87,40.04,129.13,71.91999999999999,1,1,1.0
53,3,97.4,0.0,217.79999999999998,63.2,1,1,0.0
53,4,313.86,1.73,399.59000000000003,114.58999999999999,1,1,0.0
53,5,0.0,18.75,71.64,54.28,1,1,1.0
53,7,197.53,37.41,126.66999999999999,70.82000000000001,1,1,1.0
54,3,97.4,0.0,217.79999999999998,63.2,1,1,0.0
54,4,313.86,1.73,399.59000000000003,114.58999999999999,1,1,1.0
54,5,0.0,17.76,61.85,54.14999999999999,1,1,1.0
54,7,181.2,34.79,124.19999999999999,69.71000000000001,1,1,1.0
55,3,97.4,0.0,217.79999999999998,63.2,1,1,0.0
55,4,313.86,1.73,399.59000000000003,114.58999999999999,1,1,1.0
55,5,0.0,16.78,52.06,54.010000000000005,1,1,1.0
55,7,168.3,34.62,119.59999999999997,66.65,1,1,1.0
56,3,97.4,0.0,217.79999999999998,63.2,1,1,0.0
56,4,313.86,1.73,399.59000000000003,114.58999999999999,1,1,1.0
56,5,0.0,15.79,42.27,53.88,1,1,1.0
56,7,155.4,34.46,114.99999999999997,63.57,1,1,1.0
57,3,97.4,0.0,217.79999999999998,63.2,1,1,0.0
57,4,313.86,1.73,399.59000000000003,114.58999999999999,1,1,1.0
57,5,0.0,14.8,32.48,53.75,1,1,1.0
57,7,142.5,34.29,110.4,60.51,1,1,1.0
58,3,97.4,0.0,217.79999999999998,63.2,1,1,0.0
58,4,313.86,1.73,399.59000000000003,114.58999999999999,1,1,1.0
58,5,0.0,14.8,23.79,49.93000000000001,1,1,1.0
58,7,129.6,34.13,105.80000000000001,57.43999999999999,1,1,1.0
59,3,97.4,0.0,217.79999999999998,63.2,1,1,0.0
59,4,313.86,1.73,399.59000000000003,114.58999999999999,1,1,1.0
59,5,0.0,14.8,15.09,46.120000000000005,1,1,1.0
59,7,116.7,33.96,101.95,54.37,1,1,1.0
60,3,97.4,0.0,217.79999999999998,63.2,1,1,0.0
60,4,313.86,1.73,399.59000000000003,114.58999999999999,1,1,1.0
60,5,0.0,14.8,6.4,42.3,1,1,0.0
60,7,103.8,33.8,98.10000000000001,51.3,1,1,1.0
